0,-38.562288838719304,-3.7564921353492133
1,-38.519889697850125,-3.7607728946464687
2,-38.51557906263172,-3.822950708896528
3,-38.58283792442547,-3.704894693541163
4,-38.52408099849574,-3.726737693062311
5,-38.54146937358706,-3.7473530567571425
6,-38.517333068657045,-3.6990022379104865
7,-38.54740965878794,-3.7235351192565753
8,-38.53891355443644,-3.7278225767738573
9,-38.48985081161767,-3.76791385741247
10,-38.566974460763866,-3.7394861581670926
11,-38.472122503799795,-3.6925381877585135
12,-38.57863353805105,-3.7048211895120278
13,-38.57754086722111,-3.702734328892252
14,-38.537004920893224,-3.7469251276354223
15,-38.56676802280427,-3.6459055500124817
16,-38.52882508625877,-3.78769449113848
17,-38.55001986431033,-3.729298259403288
18,-38.56833355200163,-3.685771894990186
19,-38.48862599258765,-3.6902868016391586
20,-38.49455241192283,-3.6153762297618175
21,-38.55634739512123,-3.739873555832374
22,-38.481508470820316,-3.6683398547627695
23,-38.56932395221661,-3.6716103825416053
24,-38.52326907807935,-3.6862406271290387
25,-38.530070392124486,-3.65865365691195
26,-38.52150756369213,-3.65280936711793
27,-38.49971627542834,-3.6486294747351815
28,-38.63940761099954,-3.7318099930044393
29,-38.5484616015755,-3.784694417383822
30,-38.52703850267383,-3.7190197485913785
31,-38.54047043718149,-3.68403116137302
32,-38.56778994613553,-3.7611419003089126
33,-38.505415676976625,-3.74900616352049
34,-38.478363640106735,-3.696245773476246
35,-38.56730641284286,-3.731494163864947
36,-38.51985055163307,-3.7090674162815382
37,-38.54969569208019,-3.691487407676071
38,-38.516202591516546,-3.6869272831812445
39,-38.50475650871632,-3.717907400205384
40,-38.53721607253041,-3.733890790085216
41,-38.52917399246803,-3.7518324681353
42,-38.57520152417509,-3.6805970959446963
43,-38.58432546695158,-3.718282699865169
44,-38.54138151981848,-3.644403108220358
45,-38.610063302993815,-3.7551952303847265
46,-38.56769808871923,-3.706378390910152
47,-38.520689657345976,-3.7481683175838594
48,-38.48806020357413,-3.6545160414168665
49,-38.53859080498622,-3.834159942951194
50,-38.491434847017395,-3.766682863131729
51,-38.593124516342975,-3.686601201527287
52,-38.52720093388207,-3.7047363836534055
53,-38.48053053918411,-3.7068263113057527
54,-38.45672179245019,-3.7004053532926524
55,-38.51609682726979,-3.717709264674554
56,-38.55684114942212,-3.736500890951887
57,-38.53507685778602,-3.745410585039999
58,-38.53569989076384,-3.760545060621479
59,-38.43776230043066,-3.6998626134188215
60,-38.52400380524408,-3.786695460126653
61,-38.509753823268355,-3.7810146624151213
62,-38.573906787589834,-3.701650413152171
63,-38.50507911072008,-3.6993772731289276
64,-38.53420327185466,-3.756323692398711
65,-38.476099028075886,-3.747551823914815
66,-38.53857892295502,-3.705361016804773
67,-38.48308046244838,-3.750928740234631
68,-38.54957545380536,-3.6995468016954156
69,-38.52258319168482,-3.71911649054849
70,-38.518197357405384,-3.632234399924471
71,-38.562563629320614,-3.7083062706070096
72,-38.54286252895716,-3.7295440233991286
73,-38.56726657991047,-3.7637228290545828
74,-38.56414639271925,-3.6642252118205287
75,-38.56704584224393,-3.724443559909363
76,-38.617733722863,-3.7208879207056325
77,-38.558625025580575,-3.716377502694822
78,-38.596983066843,-3.7127355988125834
79,-38.481950504715,-3.71817485669578
80,-38.47113252383288,-3.708794866401201
81,-38.54734470392369,-3.6958259080077323
82,-38.48774713053999,-3.647044964168663
83,-38.460544710863225,-3.7119889193530557
84,-38.551903303405844,-3.672308723447368
85,-38.55130031475473,-3.734819605225945
86,-38.457505928264226,-3.7460431106415824
87,-38.56880453352353,-3.7350691143731636
88,-38.50086360040953,-3.7365330832029184
89,-38.522235292989826,-3.7584496649966868
90,-38.565857020976026,-3.7796400339439358
91,-38.53577844717407,-3.745734389139712
92,-38.503888995808104,-3.7154420870996723
93,-38.53014410185153,-3.7380772778723514
94,-38.54689389848374,-3.7188371647050134
95,-38.47886854562145,-3.742166062301194
96,-38.54904142463129,-3.6666100142977904
97,-38.51287661332371,-3.73849186904019
98,-38.50783650527408,-3.7116846717920784
99,-38.47573665265489,-3.7666515555619537
