0,-38.528023134247974,-3.7063551303037627
1,-38.494272273453184,-3.6808678241951873
2,-38.54365074516133,-3.7284921416012025
3,-38.467089479128596,-3.720058686851828
4,-38.51974063905988,-3.7372369230098097
5,-38.565983907429285,-3.680717187978801
6,-38.53552818665559,-3.6889867295390886
7,-38.5458569189165,-3.7246779755964408
8,-38.54569846453598,-3.7740537095247646
9,-38.491197051647404,-3.772348423483878
10,-38.50833205363762,-3.737421376200019
11,-38.50892550962303,-3.6895464693449007
12,-38.51661232127806,-3.748304317555127
13,-38.50342545575428,-3.682363276820363
14,-38.543765433549794,-3.7440896607710292
15,-38.58445083316498,-3.6985987363083623
16,-38.56764644350714,-3.7254870337305674
17,-38.52155191368561,-3.676716269169502
18,-38.514958603379014,-3.6490169512294215
19,-38.54963917163478,-3.7108794385354638
20,-38.54454442433797,-3.6991141071693128
21,-38.528593003542106,-3.6885792388403615
22,-38.58709876579529,-3.744574493719866
23,-38.48952498734345,-3.7658393591242576
24,-38.54278738145484,-3.721939555541259
25,-38.49462765700695,-3.771277671350209
26,-38.526247510769046,-3.7266731454927244
27,-38.544875401227415,-3.8011662056793707
28,-38.53246892880486,-3.731612361921612
29,-38.565678677979356,-3.7054620062152903
30,-38.58417725720932,-3.7738230494780747
31,-38.5299844999521,-3.678715597573031
32,-38.58109916118712,-3.766492495917312
33,-38.562450464489594,-3.7539394055112263
34,-38.56184550688954,-3.705251757688567
35,-38.49669578234543,-3.7411192267326263
36,-38.56118192339555,-3.7951000913668174
37,-38.58454234465915,-3.7517156900445823
38,-38.52049882229965,-3.6675134678478405
39,-38.53629746017162,-3.7173288630321717
40,-38.547075833385,-3.7249557061258547
41,-38.52321541784013,-3.696944692032076
42,-38.509305247400974,-3.7170193409013015
43,-38.466625628243214,-3.759166188102323
44,-38.5360967363951,-3.7930350434303195
45,-38.487136190123415,-3.7345279448753317
46,-38.473815990908044,-3.7156209197418772
47,-38.54893997583466,-3.73466986445296
48,-38.47872596406668,-3.7387763278503163
49,-38.53122071918288,-3.734588976794692
50,-38.542551719539105,-3.730060761357686
51,-38.61897806040126,-3.748517658595414
52,-38.52884730906486,-3.6923396415758116
53,-38.486387118693536,-3.7197183945237304
54,-38.50029833681664,-3.8060089210033943
55,-38.47986676081393,-3.729657287094762
56,-38.5536995451001,-3.711049287314949
57,-38.52125903209123,-3.656830866946259
58,-38.51866743790364,-3.7499751736222664
59,-38.52917346622323,-3.7572451751253535
60,-38.60055824364351,-3.7891974143196907
61,-38.53435520472444,-3.7546219231454465
62,-38.49438213480764,-3.7557497240248607
63,-38.48933973639794,-3.7723117767209513
64,-38.60019273138417,-3.7271869327592624
65,-38.54004898669668,-3.716589651165418
66,-38.50749234230899,-3.7410594145987277
67,-38.57036442209082,-3.7498550876353463
68,-38.51918708998114,-3.72188818807895
69,-38.52121322015024,-3.6670200183769035
70,-38.529796907699584,-3.6984800548814523
71,-38.56119276879056,-3.735454094803291
72,-38.54044766588786,-3.7252744199745917
73,-38.56470553823147,-3.669087816934241
74,-38.55087658385997,-3.6794010419702334
75,-38.611594810873385,-3.6903163607761
76,-38.486960396370925,-3.718384117985329
77,-38.52666069438919,-3.7339392157659512
78,-38.52131382167281,-3.750506549407634
79,-38.552770029791375,-3.7401610003892314
80,-38.550518122669665,-3.6926760694739893
81,-38.54048388504781,-3.7020270326020515
82,-38.57496721157179,-3.6865074521956305
83,-38.51359730530835,-3.7786210195097283
84,-38.49575048837833,-3.7263719362764234
85,-38.45795866336883,-3.736935075336785
86,-38.45026072928993,-3.6981162702307326
87,-38.535435967885434,-3.7488354908761066
88,-38.55952250835549,-3.730077798565102
89,-38.53872884934386,-3.7862310698681854
90,-38.57607812200889,-3.7068293879746808
91,-38.55212207396919,-3.708942128193773
92,-38.5833184683033,-3.729241403932042
93,-38.55972866613314,-3.7091580605861156
94,-38.54175114721279,-3.7369015557763117
95,-38.483185385178274,-3.7245638889270842
96,-38.50058250328951,-3.6922875877722223
97,-38.49875197955704,-3.692162865502225
98,-38.48103221267275,-3.7674420660677903
99,-38.53475691070024,-3.7583509636176062
