0,-38.459458062901774,-3.7343445182946713
1,-38.49934549236459,-3.698735945096611
2,-38.499340335479665,-3.777218668602229
3,-38.43111104269302,-3.7411179468787914
4,-38.54255534123173,-3.719707184372709
5,-38.54583760148184,-3.740943706037327
6,-38.53241268901642,-3.7006660294136005
7,-38.54148106896036,-3.8101996443558956
8,-38.573912863782255,-3.7284071606016287
9,-38.53364866833596,-3.7027832623020327
10,-38.42432454053938,-3.7167182516872894
11,-38.48365515010713,-3.702657695973224
12,-38.553977988509175,-3.6692209970340035
13,-38.535726720450846,-3.7105073751536617
14,-38.458114359336214,-3.7585358498172305
15,-38.46225902209438,-3.7466575982204113
16,-38.578615153586945,-3.766263986288573
17,-38.492336479845015,-3.7142069492815923
18,-38.48059234191064,-3.702448097333608
19,-38.5332490273463,-3.750142613598316
20,-38.53675750778543,-3.7592100715074834
21,-38.55434529413872,-3.7550793283480437
22,-38.5444403952794,-3.722135787411908
23,-38.45675180120707,-3.730171773550296
24,-38.48966134129349,-3.7131672414772106
25,-38.43589956800624,-3.734571663394538
26,-38.5229437544231,-3.7597555670577147
27,-38.545674183473025,-3.6811131513792965
28,-38.55263898543091,-3.6982267996851643
29,-38.4907455974942,-3.674727390922925
30,-38.60537861745737,-3.7400559804400895
31,-38.485725277075595,-3.7730947006879996
32,-38.54601292360925,-3.763830526002338
33,-38.54025482756016,-3.7815308335361397
34,-38.45440584262897,-3.799594134768804
35,-38.44077156856393,-3.7424212460581305
36,-38.52490978522769,-3.636869156028349
37,-38.580982932252844,-3.7441410260440793
38,-38.558737619438425,-3.60946186869649
39,-38.45454677291333,-3.7286186877442846
40,-38.47447351246801,-3.7373986845728435
41,-38.52648972053339,-3.71546303601291
42,-38.48408543298979,-3.7179141246955307
43,-38.512162392609525,-3.698140118905738
44,-38.520439126526355,-3.7565531105723196
45,-38.53984594302363,-3.742679292472295
46,-38.55247236651827,-3.7542584437879674
47,-38.531109532769534,-3.7176275037890525
48,-38.55613677298687,-3.725086341334464
49,-38.554324350917895,-3.716622441424178
50,-38.567385202673016,-3.6984883479695045
51,-38.531139333267674,-3.7133826176801956
52,-38.51505492105453,-3.689057563975987
53,-38.56347186220862,-3.744343688144939
54,-38.52839933093528,-3.6749835645085205
55,-38.52785652933033,-3.732894707095928
56,-38.51825706893292,-3.7785109377081554
57,-38.496260675688326,-3.684939185264263
58,-38.559068800636716,-3.6625381024356414
59,-38.53148312126599,-3.723686607040811
60,-38.50270348817408,-3.757993537591309
61,-38.50086000439187,-3.773364732467981
62,-38.513508295173246,-3.6779480512078777
63,-38.52569386590088,-3.6991192518230624
64,-38.53762158173317,-3.720654091515595
65,-38.50850346281553,-3.6803590342509986
66,-38.568787845933606,-3.7616816854648016
67,-38.45416388930689,-3.754131292037136
68,-38.576473517815565,-3.737903073233284
69,-38.51557743973994,-3.6560107239849797
70,-38.518631821735475,-3.667466852723059
71,-38.53238069219731,-3.6561725918469383
72,-38.5091657937405,-3.71938589886813
73,-38.59676883186906,-3.743528796416802
74,-38.41646265292146,-3.66606851335113
75,-38.53484209572937,-3.7070155516130847
76,-38.55535362825548,-3.6814565101130388
77,-38.514265119983264,-3.7740247033355545
78,-38.52167516031206,-3.697223316927818
79,-38.47038984138658,-3.7642703084315148
80,-38.559688381586135,-3.7369492168096907
81,-38.5299822090978,-3.739082838735094
82,-38.552987954826435,-3.7009102022758094
83,-38.440414362224416,-3.7320104451820737
84,-38.50795705852236,-3.633289614261766
85,-38.49428198244563,-3.6063104406902884
86,-38.54231409843133,-3.7409662515754114
87,-38.54090874861325,-3.6704793679523458
88,-38.51590531997836,-3.659425609821852
89,-38.495164513335425,-3.7032409874208176
90,-38.493762036128736,-3.71996166788704
91,-38.62336580938308,-3.7120691346794423
92,-38.57595784240355,-3.6731078663715335
93,-38.51097183009487,-3.7026200624786405
94,-38.50044161060551,-3.7414950466382404
95,-38.51996567017739,-3.694962826883824
96,-38.53864617767803,-3.6872239602944283
97,-38.52633215761802,-3.708590959560556
98,-38.54395531765141,-3.7009902071079313
99,-38.55049951297756,-3.761193526079327
