0,-38.56416192517998,-3.7246394470396473
1,-38.61355799919646,-3.706991433033737
2,-38.4676727539297,-3.7544003899279033
3,-38.515031877227614,-3.7086182823651197
4,-38.551164337167485,-3.723789903437165
5,-38.555807813352914,-3.738074431821594
6,-38.54822409071937,-3.7028614892204064
7,-38.53261314539962,-3.6574399069174124
8,-38.55505750351917,-3.744020318924567
9,-38.583048433926216,-3.7382486936395276
10,-38.56708059514415,-3.721551824773672
11,-38.63514586092596,-3.722060744344376
12,-38.520799914277724,-3.691301683710212
13,-38.56182508053168,-3.654345111437239
14,-38.571079334693515,-3.698651600955571
15,-38.60488575136099,-3.7538640087853232
16,-38.498682346018796,-3.6871710078083026
17,-38.541098344614106,-3.7877521623354977
18,-38.53497089238453,-3.6645007814575785
19,-38.54426816512986,-3.685681326548929
20,-38.51162700599435,-3.746715630128235
21,-38.481709602686,-3.707589951616142
22,-38.47013017896934,-3.704500086866321
23,-38.5240820337449,-3.753340403083616
24,-38.627339665892606,-3.734554930926913
25,-38.52090241231851,-3.6821968063118913
26,-38.51811371796825,-3.7706667591498126
27,-38.55188467693745,-3.7692412759217673
28,-38.469353822259016,-3.809229943560122
29,-38.53994778701677,-3.6837445153004755
30,-38.550285050220346,-3.69425788177347
31,-38.541266498952176,-3.7159827081362358
32,-38.57987252125262,-3.773128228263122
33,-38.55069649320979,-3.711894380451311
34,-38.48885319537792,-3.727629938329486
35,-38.508093441746766,-3.6703910457591387
36,-38.52759242769687,-3.6920670904113377
37,-38.54877257487892,-3.74630729792909
38,-38.51345130909003,-3.7776346531483407
39,-38.53812408020139,-3.732942205056181
40,-38.5486979456685,-3.744479429931692
41,-38.54116711195748,-3.664257142960677
42,-38.60126666416683,-3.717930885263552
43,-38.550040871764786,-3.7280338271226725
44,-38.48612088174975,-3.784658712802687
45,-38.525962238313774,-3.771195880706319
46,-38.54624477770126,-3.696172481518303
47,-38.53539103138249,-3.7157581435179976
48,-38.57507823119269,-3.695878721550387
49,-38.52325565992365,-3.719204314171515
50,-38.5870693422605,-3.791373491504581
51,-38.515066228056355,-3.7044725228820816
52,-38.55212489526467,-3.6942584938879466
53,-38.519668945828734,-3.7476326271776896
54,-38.49708338180585,-3.7184735143092476
55,-38.50433352076078,-3.7407795426145842
56,-38.49669068115151,-3.724111603564795
57,-38.53110998141696,-3.7446067976537485
58,-38.493827623894354,-3.7434492366670913
59,-38.42238941465614,-3.7163272986670597
60,-38.59691123870847,-3.760161339336679
61,-38.50867649422612,-3.707081958908303
62,-38.59989423923299,-3.6592909978963437
63,-38.583987513547655,-3.75143182136015
64,-38.50118812391975,-3.7071393319599264
65,-38.505461597962274,-3.769733784528246
66,-38.520486108394046,-3.672926593327746
67,-38.58379880994976,-3.7246252348042863
68,-38.4718637569209,-3.776730454061854
69,-38.489716565506754,-3.7693075882811433
70,-38.532804018569806,-3.7310516952169483
71,-38.56449096080136,-3.7203602854316458
72,-38.49957568149659,-3.7018328422916738
73,-38.51710456600945,-3.7523853139566348
74,-38.521055517555695,-3.6788670199521776
75,-38.481754306976605,-3.7808446460800402
76,-38.504008486692804,-3.8012271264508457
77,-38.56196627320428,-3.7213070817128213
78,-38.51889391289056,-3.666287393652141
79,-38.4829113024549,-3.710732856784549
80,-38.58659107804526,-3.7376553541555864
81,-38.56483667678163,-3.755440453463042
82,-38.50066997055119,-3.637859253461448
83,-38.518951733117504,-3.6987494957964975
84,-38.56638543259996,-3.68407209218376
85,-38.52172124872874,-3.7009864340260425
86,-38.572421610292906,-3.696672948903708
87,-38.565148893680735,-3.759214885001147
88,-38.485591320234015,-3.756400715389193
89,-38.516719478631224,-3.737131298806843
90,-38.52688978550508,-3.7015447820773577
91,-38.533588846634984,-3.738334775263633
92,-38.5670324121141,-3.7931831030089267
93,-38.54960149348883,-3.794477731601626
94,-38.548221801699796,-3.742463647109244
95,-38.51967273057778,-3.726674186589426
96,-38.43494367895934,-3.7137217388992356
97,-38.49193162593346,-3.711490742013872
98,-38.47681060118557,-3.681595369893557
99,-38.55447579757714,-3.7451954653166615
