0,-38.59623909528415,-3.723236284933073
1,-38.48309319449663,-3.6821300888624604
2,-38.561498500163744,-3.757577303048306
3,-38.57594407371294,-3.7266841991917588
4,-38.51579572562364,-3.7343019807841884
5,-38.54285939921753,-3.7365664953449467
6,-38.447584511314,-3.7545504815667265
7,-38.60717540543169,-3.7359773986050144
8,-38.53670706093818,-3.7018825905070734
9,-38.594915537267006,-3.7091907585230843
10,-38.58763168089003,-3.7857073521441458
11,-38.53482388694246,-3.749415578439633
12,-38.47574170597386,-3.7407517796560774
13,-38.5508755466247,-3.71600744707438
14,-38.59278588798097,-3.7356992193104444
15,-38.482783759384546,-3.694689084160598
16,-38.50687136967721,-3.7110252173286455
17,-38.577674112010946,-3.7028366656979474
18,-38.55444966430868,-3.740818239062815
19,-38.50528028411347,-3.6690814300797485
20,-38.52362322060211,-3.694465460717417
21,-38.543072197274064,-3.76621500581648
22,-38.547706529038685,-3.7400920635870056
23,-38.54897203838046,-3.7252680164672145
24,-38.536674002753585,-3.755337300196412
25,-38.544793248433734,-3.7207324130983244
26,-38.58904639217535,-3.67575373300924
27,-38.547608614820845,-3.698174298831534
28,-38.47020232369356,-3.6861761130760553
29,-38.549642853957266,-3.6648390411848975
30,-38.578879178920324,-3.7607171744698777
31,-38.526113752642125,-3.7038723408962015
32,-38.4960171761475,-3.7385857060377092
33,-38.50882154734154,-3.756433040456131
34,-38.528145230121034,-3.6923065351155366
35,-38.601990362629145,-3.7257058182073934
36,-38.609686804852686,-3.7021470461201864
37,-38.50993205464204,-3.7403011348023987
38,-38.53137589757152,-3.7356443667351793
39,-38.52528728617102,-3.7344746680174152
40,-38.51750175290546,-3.7316811539408974
41,-38.53996559831224,-3.748892926502821
42,-38.5869699596396,-3.6812526304180127
43,-38.563491596116435,-3.7048698424650506
44,-38.519460237658635,-3.6990859574684194
45,-38.583115712608866,-3.6632325943573196
46,-38.429898209446144,-3.6918884221323545
47,-38.59219639896566,-3.8038998799042885
48,-38.58775156349313,-3.698296270377833
49,-38.52489616016523,-3.6447374996786794
50,-38.500131056703445,-3.7356090253027237
51,-38.53440396788466,-3.7222005849542543
52,-38.57530105517681,-3.729225659550886
53,-38.54888769227489,-3.7604057239410955
54,-38.56805448896884,-3.743149534314298
55,-38.46799888425454,-3.6865925866292977
56,-38.51963515401626,-3.7748567228593894
57,-38.47950205729643,-3.7597035174680316
58,-38.527046235961045,-3.724884547719162
59,-38.46708577882919,-3.773775945348333
60,-38.49334124629807,-3.730570008183811
61,-38.502464547284006,-3.7372711390044713
62,-38.55950332127456,-3.7200132422744843
63,-38.48489242807623,-3.7175257243401028
64,-38.57166924963209,-3.679033498330651
65,-38.60053963498088,-3.6850026072281743
66,-38.45077392356446,-3.7388301564956348
67,-38.55325488960747,-3.7307652188535414
68,-38.57850297372898,-3.7745963567277396
69,-38.60728121405265,-3.7439594627526094
70,-38.54101619671206,-3.7729734196541624
71,-38.54026381739835,-3.773018863105214
72,-38.52145316998126,-3.7451395611205025
73,-38.52220981864833,-3.73345485102356
74,-38.49064600151597,-3.719873002319904
75,-38.600951327662095,-3.6657631662777175
76,-38.498507822305825,-3.7160841825159725
77,-38.509616311870715,-3.7163239561913644
78,-38.55165441480754,-3.6716420465159945
79,-38.507532524991966,-3.729516450782988
80,-38.54557185060286,-3.7305478161577734
81,-38.48883414306125,-3.741383563275827
82,-38.5431444622149,-3.718699063937936
83,-38.54549021867651,-3.6952163392658095
84,-38.52006792586794,-3.72293645885986
85,-38.5235452757992,-3.6531401589904293
86,-38.508034257771094,-3.6915701916095993
87,-38.503568202024645,-3.7627358615590505
88,-38.56688537015222,-3.722044400087591
89,-38.51790707814376,-3.778702152411953
90,-38.513976447442005,-3.690305229787858
91,-38.55708075573341,-3.668071511385298
92,-38.47889295543545,-3.6807863767509597
93,-38.55760808080629,-3.703003022500908
94,-38.56265560389708,-3.675536686213912
95,-38.51508010906164,-3.7449263268540007
96,-38.51162605844341,-3.7240991842779416
97,-38.55984654407861,-3.744170666250493
98,-38.56191956786968,-3.702052513494932
99,-38.58036434544861,-3.7077748067025023
100,-38.55307837882341,-3.7933162432100356
101,-38.52514500874843,-3.747413916707427
102,-38.50315671333139,-3.710243516235529
103,-38.54670640703795,-3.6920545696484814
104,-38.50888046400005,-3.7143715244762503
105,-38.525043914183584,-3.7818928492907418
106,-38.444444699506064,-3.757131251509789
107,-38.52424412439684,-3.678850558130363
108,-38.48880672221874,-3.7225083621720305
109,-38.534402276405956,-3.72400467883377
110,-38.56076727424973,-3.663139941014183
111,-38.52348358393636,-3.712840070280541
112,-38.54020406356405,-3.6814416421379734
113,-38.47163704389739,-3.734401450691449
114,-38.55370493040708,-3.6661633224583374
115,-38.54109283537656,-3.6962161124423134
116,-38.470242852921466,-3.760423185850318
117,-38.510976000896314,-3.7085059609896867
118,-38.477419476013786,-3.750788308840481
119,-38.509928531323695,-3.6856064216003097
120,-38.5747852245555,-3.7650475149701523
121,-38.539997440708774,-3.724756146031989
122,-38.500120479895244,-3.7714011879227414
123,-38.514625485193925,-3.7842546615753414
124,-38.58109641225214,-3.7203961127248393
125,-38.4809011168733,-3.7339414277368426
126,-38.49714831130446,-3.725718942650032
127,-38.58017929958878,-3.767239922145275
128,-38.45510084244097,-3.6966935655997135
129,-38.546782279448436,-3.703900660270616
130,-38.50937252749082,-3.7164786464964066
131,-38.5183028016546,-3.7076131801831513
132,-38.52221097999994,-3.6976683956434635
133,-38.56353314777274,-3.6585545475484573
134,-38.46912423736439,-3.683057289303804
135,-38.47467030035898,-3.720264576115905
136,-38.502810374824065,-3.7495385369275582
137,-38.581320064804935,-3.6689903149800953
138,-38.55677624841827,-3.7611203128705832
139,-38.49918277923265,-3.7297676317261894
140,-38.51987220841114,-3.7634208799051088
141,-38.507679913985854,-3.7428372129957763
142,-38.512679813429024,-3.7226765647104014
143,-38.53236700911878,-3.7140196519158417
144,-38.520497599757114,-3.7017609104228835
145,-38.54673974020382,-3.7205415143559577
146,-38.612062114623924,-3.7509775572294712
147,-38.55890880952134,-3.70138628877283
148,-38.52625747065699,-3.7233507322210353
149,-38.51628711656485,-3.7467917680748273
150,-38.49244321581801,-3.757237723121282
151,-38.56628767815095,-3.760001688921084
152,-38.48260256462197,-3.7219102044494643
153,-38.502401662290474,-3.7301919857336006
154,-38.51469167258086,-3.7004344152589423
155,-38.48631669970757,-3.6766228729009502
156,-38.503314806125495,-3.6845133935868404
157,-38.51275235468589,-3.7210592817520873
158,-38.50903529623716,-3.6546822952284552
159,-38.579884662911006,-3.6529191978850606
160,-38.49205383280488,-3.732235763524908
161,-38.5504050065997,-3.671732639012246
162,-38.52643189497179,-3.70996343515466
163,-38.53593407639571,-3.7571285201242284
164,-38.4607310078642,-3.727388103483947
165,-38.535646024658774,-3.739153160285668
166,-38.58048898993264,-3.6655700530529733
167,-38.53726287908867,-3.7185692598612734
168,-38.57919846295881,-3.7521275733816166
169,-38.49118919995378,-3.7272137489983868
170,-38.54162106322518,-3.758394342348829
171,-38.521792725999916,-3.7701860024821676
172,-38.567322414761094,-3.7230582787483537
173,-38.54913862783901,-3.7146420711675785
174,-38.555701052227946,-3.7459766639135825
175,-38.54908181216612,-3.7548546994729453
176,-38.536926639404754,-3.7358477017431935
177,-38.486217208101124,-3.7487648855345506
178,-38.50008222573956,-3.7536502023390637
179,-38.539055932565006,-3.694162529568551
180,-38.50614199337369,-3.6996534261184277
181,-38.50612934556064,-3.7642173727900716
182,-38.531022624707795,-3.736757042299662
183,-38.49687880328219,-3.7560794870792185
184,-38.50566909778626,-3.7461135305075817
185,-38.489108817949464,-3.7245304921406404
186,-38.54450815820243,-3.7328480268014252
187,-38.565568806203366,-3.743212508718709
188,-38.59751759434934,-3.7523273403663713
189,-38.55768198834197,-3.7606373789096015
190,-38.55974627342076,-3.673993724534985
191,-38.596175042630676,-3.7573997724932426
192,-38.50801719689488,-3.7262232569528186
193,-38.52909630496497,-3.7287820154442026
194,-38.601757541388615,-3.760226286051174
195,-38.579474117162476,-3.7008445933018077
196,-38.560269318141536,-3.7880215774778048
197,-38.56443419236524,-3.7473980710947803
198,-38.51407332606083,-3.7512203017086048
199,-38.53994369947112,-3.706636516641528
