0,-38.529929150667016,-3.781916352808743
1,-38.560656645240314,-3.720698202333226
2,-38.521707194745645,-3.759005064366807
3,-38.57524772704097,-3.736383163441786
4,-38.56736195835133,-3.721407969036237
5,-38.55755515233656,-3.7364029071587566
6,-38.550568107930836,-3.7057677374367057
7,-38.55806207713766,-3.6978141337622326
8,-38.53912796453196,-3.775266402445034
9,-38.49393299174667,-3.672805859566086
10,-38.531890363165054,-3.7249849169850253
11,-38.5252991069567,-3.727737624740337
12,-38.53521283180958,-3.7048415898253997
13,-38.51451308878566,-3.712000889188461
14,-38.54208481281758,-3.6806737232865587
15,-38.54250018894069,-3.7417715736744466
16,-38.541541292096,-3.6648756273231973
17,-38.49942008788019,-3.7031414302664905
18,-38.51311375027559,-3.704745719781681
19,-38.53515264850049,-3.6980438374629205
20,-38.50677864555475,-3.6784163015304916
21,-38.58453565076583,-3.659853332112079
22,-38.56484196772808,-3.7443100366770543
23,-38.508886389386895,-3.719948622634652
24,-38.5900467292778,-3.7363252953191175
25,-38.46090398816025,-3.695653390273054
26,-38.55637949753536,-3.7055980222790765
27,-38.48419315237315,-3.6847079639679468
28,-38.575935282843524,-3.7530618597285663
29,-38.50816040062639,-3.710185703620443
30,-38.51253916763828,-3.7391397916042624
31,-38.52836785735995,-3.770660254843808
32,-38.56860803464459,-3.7290397127663355
33,-38.553658868896726,-3.687001795434847
34,-38.5360190998585,-3.6738274274605995
35,-38.52816158033225,-3.7480604871280607
36,-38.48182787295921,-3.796577482010956
37,-38.570219935837805,-3.734062437103445
38,-38.574811112568135,-3.7069490021201363
39,-38.58754067811239,-3.7005790273611505
40,-38.46370723084175,-3.686340820766466
41,-38.57648446556023,-3.725034347061481
42,-38.55311304907039,-3.7391303260112956
43,-38.54286769500917,-3.7769651337407617
44,-38.52383431058213,-3.7946115210258187
45,-38.575353645273594,-3.684457011768556
46,-38.53869056964059,-3.736081893101099
47,-38.5426905398651,-3.730895094391038
48,-38.49564182667592,-3.7287774145795267
49,-38.57515004859703,-3.695298500143087
