0,-38.513636558081735,-3.6826912514445502
1,-38.53881329834274,-3.7617157650477515
2,-38.58145115234766,-3.723994827483581
3,-38.54393325952515,-3.707028533731718
4,-38.58053654977651,-3.6807734375888916
5,-38.581783398128636,-3.7843745430643883
6,-38.49188682837473,-3.7695336523419285
7,-38.52448962553773,-3.7258002875576928
8,-38.53398470297186,-3.714936087022505
9,-38.54342749244107,-3.6805237767139927
10,-38.544656960649576,-3.695634956145981
11,-38.51428486312087,-3.7930087647399677
12,-38.4876941019556,-3.684570840733179
13,-38.52012180022607,-3.730730193394093
14,-38.54739113140459,-3.741421543609042
15,-38.52254676082573,-3.744825460261934
16,-38.59765880508431,-3.777625276995886
17,-38.51712442115006,-3.7567286505529283
18,-38.52126112651235,-3.7184597465486564
19,-38.516012814794266,-3.7403405060768433
20,-38.49407490354374,-3.766327268088388
21,-38.52027058875122,-3.7369615191294265
22,-38.47468034740541,-3.7453137305837108
23,-38.53627727286613,-3.6814360453782946
24,-38.519162588356,-3.7129127384042313
25,-38.562005255237395,-3.638091442663166
26,-38.521198298712974,-3.7455703430545815
27,-38.5293790288366,-3.69435097174123
28,-38.56465737076379,-3.698371546628803
29,-38.523762545116405,-3.7176524821766543
30,-38.48743428929208,-3.6876479793267256
31,-38.50275215464611,-3.7473830641291124
32,-38.59833068568743,-3.7497540370338385
33,-38.52295130067497,-3.707130744628734
34,-38.563617312268335,-3.6797787797688635
35,-38.56066110844204,-3.7660762622424837
36,-38.44143007306169,-3.6725065321920973
37,-38.58881385277157,-3.7490549197826897
38,-38.51256539557487,-3.751884636259361
39,-38.53732383992604,-3.727782557727931
40,-38.53936109150184,-3.6834506606162916
41,-38.51852826979027,-3.7200220885117603
42,-38.56187057214045,-3.7862170196779017
43,-38.46869774582342,-3.7149830854771744
44,-38.492800537751116,-3.7599373008714903
45,-38.490697551640736,-3.750534253541077
46,-38.57948110819559,-3.7346341579893245
47,-38.562663814456315,-3.679162602759589
48,-38.542426809373495,-3.744923903955646
49,-38.47923364275467,-3.7165832722168473
50,-38.484405198147776,-3.7296366293378838
51,-38.541013442355954,-3.7655095148614377
52,-38.47246117365748,-3.6882681864195312
53,-38.515509889927515,-3.6852759577777716
54,-38.50564013700642,-3.73974223784694
55,-38.53380172611789,-3.679237330748921
56,-38.580326026236726,-3.674473805191166
57,-38.56353143687947,-3.7021322657078257
58,-38.504974319860594,-3.753692378443861
59,-38.55419951364798,-3.7445202550945442
60,-38.51681227541002,-3.7264355197643333
61,-38.522415198461275,-3.7399684583433683
62,-38.51732000733528,-3.79293181259705
63,-38.54739617150528,-3.670096154157493
64,-38.49963170752965,-3.7321853096869657
65,-38.514818843677595,-3.7280027292889
66,-38.477373859933216,-3.72513267966654
67,-38.51312106658246,-3.702537010120159
68,-38.52894117429837,-3.6546382183363875
69,-38.59111605118042,-3.735442621167598
70,-38.45393171103262,-3.7267678967362223
71,-38.53766204634688,-3.7738318473540806
72,-38.5512864923301,-3.751593634794007
73,-38.556740187492544,-3.7415156907172618
74,-38.58481623281024,-3.7312389825018935
75,-38.504402937843224,-3.6942859126227265
76,-38.524331996087824,-3.7509535568231045
77,-38.5030220417957,-3.6985311827100733
78,-38.52121234134399,-3.7261946878066676
79,-38.45747362176568,-3.701910808250171
80,-38.50782662567089,-3.678091015911219
81,-38.51950203561284,-3.694688673696587
82,-38.48731617666309,-3.740207008354801
83,-38.4804831172713,-3.7210163602775213
84,-38.50494162694124,-3.7293318708608174
85,-38.51373308056279,-3.7176489163344484
86,-38.491347632686725,-3.742431705157478
87,-38.50604709821092,-3.6854521619698035
88,-38.476820769858406,-3.6807085836314393
89,-38.49380211463731,-3.7570324615389787
90,-38.49350781568706,-3.6891596271754907
91,-38.58473385552407,-3.727922742493081
92,-38.52910856260859,-3.756293984098671
93,-38.53463325871261,-3.684226634536838
94,-38.552451003482744,-3.8079601915761265
95,-38.5628446294997,-3.7265904362882742
96,-38.53860527958911,-3.718279835822196
97,-38.48010897401283,-3.750583873569482
98,-38.511925846429264,-3.687234238248649
99,-38.61152461518715,-3.7443281596896987
100,-38.52458306467989,-3.6784584671207585
101,-38.47815691776073,-3.745921543693538
102,-38.5413885875838,-3.6792138007877417
103,-38.54235816662225,-3.735417844741758
104,-38.586132854653016,-3.7139770629158964
105,-38.52816807519729,-3.7587308475063153
106,-38.555637011681135,-3.768032116685102
107,-38.54243500098612,-3.7521663575311597
108,-38.53952204700396,-3.7495166010318908
109,-38.49789898551016,-3.7083302587142737
110,-38.475849961098895,-3.7180736198923685
111,-38.53331381525838,-3.7522385369980875
112,-38.583495544186206,-3.6683328413509515
113,-38.56135580808808,-3.680651816425475
114,-38.591728597620836,-3.734892780088517
115,-38.540112076217284,-3.7917504316366815
116,-38.558512760586076,-3.7031805446848898
117,-38.54026699798242,-3.7285792072386186
118,-38.526640830938305,-3.721326228372066
119,-38.58448897694313,-3.7602512090679414
120,-38.515328392099825,-3.730632560244996
121,-38.545368537359046,-3.7194711085256293
122,-38.54494265155651,-3.721193978433419
123,-38.561416152090466,-3.767906422884785
124,-38.50307532914946,-3.765695189027917
125,-38.54876487829528,-3.7337119145971736
126,-38.524941171600304,-3.732504909798947
127,-38.517746034073205,-3.661830753957032
128,-38.60711663783661,-3.8122114883133813
129,-38.51650296663998,-3.703182845495576
130,-38.52889196042169,-3.6741854287777684
131,-38.51838310562351,-3.719994361817455
132,-38.580051148927545,-3.7385951132653483
133,-38.56201693376662,-3.7103480570787033
134,-38.487317140342014,-3.6929931911470146
135,-38.47130369248178,-3.742861838059329
136,-38.468423171883416,-3.6970119602642897
137,-38.516647234455355,-3.7431127448814685
138,-38.573968640551534,-3.750848576145848
139,-38.51194221157075,-3.723411603304755
140,-38.47715148364496,-3.73049699416801
141,-38.483930799713285,-3.7139494175617798
142,-38.52586845010792,-3.7015535442804617
143,-38.52421813981305,-3.734939261030707
144,-38.497544229040216,-3.675188325954677
145,-38.560535786526145,-3.752715449063674
146,-38.49775375266658,-3.6892308881875597
147,-38.58401287471329,-3.730528523434563
148,-38.47133671622463,-3.7941806020846203
149,-38.54576994340715,-3.7787269267922636
150,-38.50845027288435,-3.682271228714835
151,-38.49761192487084,-3.7696635927672952
152,-38.51648271644153,-3.7206398873973296
153,-38.58495249225732,-3.7606039427060027
154,-38.52091241958232,-3.7142393950865737
155,-38.476324018945235,-3.748725236799662
156,-38.489174205441806,-3.7483025137594845
157,-38.60127779621903,-3.6969614253682788
158,-38.47928571938101,-3.7032197053274363
159,-38.511527610434264,-3.7635852480213545
160,-38.57897323041978,-3.702270181005805
161,-38.450966868001544,-3.7851850142416428
162,-38.60227397139536,-3.7222014868028057
163,-38.5004909661972,-3.7482421646840325
164,-38.506633931504574,-3.7256221557983182
165,-38.533343959309526,-3.7459601861081624
166,-38.528398044408085,-3.6931948045283964
167,-38.54674132833544,-3.779120066146746
168,-38.58534395965976,-3.72463798057568
169,-38.49473223054076,-3.6979431532455767
170,-38.57261363530408,-3.7849102806073645
171,-38.589145487437435,-3.7268112568205845
172,-38.501443748612175,-3.7396569496815437
173,-38.57135791026961,-3.7713903284681254
174,-38.504383573352015,-3.703685451053093
175,-38.53740230539659,-3.7340229591114555
176,-38.57310140961124,-3.7155020898364413
177,-38.49615780564073,-3.7020122365032386
178,-38.54002105333967,-3.819520435171457
179,-38.53210216884656,-3.7665428206405775
180,-38.55508929893683,-3.7643575698283516
181,-38.5426107643136,-3.7264940417710344
182,-38.579489127362116,-3.7271982610060888
183,-38.51601765414038,-3.7315183664639826
184,-38.56794644767985,-3.6798022721375188
185,-38.57236085741287,-3.7241086787007323
186,-38.57408725393374,-3.7096637044191576
187,-38.54861659480576,-3.719074224678339
188,-38.46243314260678,-3.6894535787070333
189,-38.557766922439,-3.7074307999980474
190,-38.559116034001086,-3.7096101495106466
191,-38.521718818664255,-3.742041157142375
192,-38.52789287633845,-3.7456490017411674
193,-38.57460635457556,-3.716195061434862
194,-38.512917003864956,-3.77655990121366
195,-38.54771110087081,-3.671838506005285
196,-38.49191179232616,-3.6890079901366817
197,-38.46414633506549,-3.636131559657062
198,-38.53257226733172,-3.7260791992917075
199,-38.4883597025632,-3.7685100000083565
