0,-38.51323562066635,-3.666143485053259
1,-38.51801276390612,-3.7152562593391627
2,-38.495943597474266,-3.6587005706063316
3,-38.532899641040714,-3.684817263452699
4,-38.507634440237844,-3.675362440980412
5,-38.48691386637874,-3.7565734277562224
6,-38.55928909680705,-3.6886622153310036
7,-38.51064679834597,-3.759889495624777
8,-38.51138006067715,-3.733943472023773
9,-38.51788364861583,-3.7723997109863614
10,-38.4908756705074,-3.715341570140723
11,-38.52039370068514,-3.7203367470129933
12,-38.563430281010895,-3.724327456582311
13,-38.59373060535627,-3.772577338752143
14,-38.47743912281471,-3.72896421404105
15,-38.53592262107433,-3.729710356744208
16,-38.50660700465642,-3.7509512150338367
17,-38.54559135211169,-3.7679180393089524
18,-38.53723613384372,-3.7385809628948237
19,-38.527848885625104,-3.71412168928824
20,-38.540738322476834,-3.732385292151917
21,-38.5351963612934,-3.709811361416769
22,-38.60517833327484,-3.7307980979535147
23,-38.54103339883911,-3.7288634135378076
24,-38.48902908898184,-3.70221637532031
25,-38.52817315727355,-3.709650122639506
26,-38.578354905691704,-3.7443507716352684
27,-38.56659479532401,-3.770206587282232
28,-38.49523186470345,-3.6972138989860177
29,-38.52645152500213,-3.7041931468367006
30,-38.47886520119759,-3.7362640789881527
31,-38.570421934126664,-3.7467119249560166
32,-38.501134477036686,-3.7485265042975793
33,-38.52498008575283,-3.7401167164227997
34,-38.53073664290515,-3.7441176484160987
35,-38.52272015743883,-3.731943950598934
36,-38.53140727650824,-3.749481919377315
37,-38.523196534621704,-3.666776071334851
38,-38.55007657011703,-3.708941561639458
39,-38.55481393156789,-3.7997421230913195
40,-38.538174354619144,-3.7131884928014607
41,-38.58204309172885,-3.713818551447822
42,-38.54853504733166,-3.7884139313119
43,-38.54896653993113,-3.712841586106453
44,-38.53437564200712,-3.753594723469458
45,-38.52106284958368,-3.7495902650642763
46,-38.51992873460725,-3.6771328573650743
47,-38.50179850752379,-3.707623213295302
48,-38.50424416646884,-3.7662945718217364
49,-38.48564915016685,-3.6883549964527615
