0,-38.48323780217796,-3.6921234432907184
1,-38.44459930365472,-3.6604478646774
2,-38.52592394839522,-3.7233954282081654
3,-38.59119716846141,-3.7198998446900253
4,-38.54827415087968,-3.7626767864971526
5,-38.55393676877142,-3.7634274831686074
6,-38.507557430484894,-3.7389732987608952
7,-38.60277901706182,-3.657317285169849
8,-38.51247994320753,-3.747911813911728
9,-38.52150189050677,-3.759874029380619
10,-38.560476873457176,-3.7534199148253413
11,-38.498230531450005,-3.7411298706725544
12,-38.57033185870344,-3.7640510310980404
13,-38.49615485376414,-3.657005873641061
14,-38.57610030524766,-3.690286634112041
15,-38.488637516638335,-3.7675466616677142
16,-38.579411339289386,-3.693852130724033
17,-38.56078529518323,-3.713451421651858
18,-38.56322985897749,-3.736037771029304
19,-38.559850720618606,-3.6778134328668637
20,-38.410465778757356,-3.6937838239743255
21,-38.49468708428278,-3.6995362849047995
22,-38.49628550104133,-3.7024620750020607
23,-38.54358059684074,-3.660750979869874
24,-38.49465422042995,-3.6992360139256992
25,-38.52103761928695,-3.7143649319004735
26,-38.49544609071034,-3.707704020308301
27,-38.44695217630632,-3.7172133275902572
28,-38.573730291556,-3.7347759995568897
29,-38.49547417636942,-3.7414270162445864
30,-38.54125658930097,-3.770591561248157
31,-38.484485537965874,-3.670795156681449
32,-38.54106692470102,-3.766890245743383
33,-38.64628236290964,-3.737125683101305
34,-38.51544992508801,-3.74650792980641
35,-38.56323518074261,-3.717880148625507
36,-38.48326425427454,-3.76291496115115
37,-38.55088114684053,-3.689320288950708
38,-38.56188688767333,-3.691114837412434
39,-38.51907423797026,-3.773606446262262
40,-38.49939488330548,-3.6922663330512973
41,-38.52260489289039,-3.759862994567475
42,-38.540407273054036,-3.6984202510341935
43,-38.48437716632935,-3.691863705601738
44,-38.53421768374627,-3.6985370027416415
45,-38.5339389346038,-3.729146354875294
46,-38.60562702168049,-3.69253011665856
47,-38.54544542174227,-3.69315191284011
48,-38.584340153027206,-3.76336993660563
49,-38.55002449994435,-3.703535143687471
50,-38.59786327936368,-3.6812469000970487
51,-38.486627044045505,-3.6900850185646594
52,-38.52161052917291,-3.6609193113882013
53,-38.577182149249154,-3.6564997556706484
54,-38.558602182579754,-3.784639503614411
55,-38.5564295152981,-3.703606434167533
56,-38.52526555656385,-3.7243353948115168
57,-38.51851265619155,-3.7686617724270204
58,-38.52319559784874,-3.764703251177535
59,-38.55768237785553,-3.7513933562664223
60,-38.485015204687635,-3.737892154278919
61,-38.468172977922634,-3.676457050470295
62,-38.58369400664429,-3.6874414395010975
63,-38.52456282851355,-3.7299201021727577
64,-38.50276025128359,-3.67367904372187
65,-38.591826375432845,-3.7463477836782557
66,-38.499933501310394,-3.689388595095201
67,-38.49247976862737,-3.7312418026038086
68,-38.515920545143246,-3.7736565477167336
69,-38.57516576254206,-3.742811318066058
70,-38.50532219635896,-3.7796109487183913
71,-38.530330763081686,-3.7173293088116344
72,-38.57649582981315,-3.6474323687064785
73,-38.483288604258505,-3.713376785611909
74,-38.52463187034188,-3.7480039178506726
75,-38.48736740976215,-3.757051465332996
76,-38.47042890503958,-3.7672892994698466
77,-38.57105897903523,-3.7602645561226438
78,-38.52084565625225,-3.744181879932082
79,-38.55536022734373,-3.7155020709473465
80,-38.49492887083868,-3.6752648811748636
81,-38.51734478689259,-3.712931407250515
82,-38.503779687073035,-3.6515424276923487
83,-38.557792559209375,-3.7065133944915134
84,-38.54698892494697,-3.753872907373952
85,-38.53398867695451,-3.697328771846241
86,-38.49892793615029,-3.70450168487686
87,-38.498216095390255,-3.6642560448720474
88,-38.51109370699708,-3.75853570550173
89,-38.47288878512018,-3.690298624299664
90,-38.58173783381911,-3.6944553630045234
91,-38.558788478678096,-3.6372458010265616
92,-38.47393168707759,-3.70817010158903
93,-38.567232772337505,-3.7078637904920413
94,-38.52628712370886,-3.712001623268201
95,-38.52435944172757,-3.7488512826058735
96,-38.55300880408489,-3.7475156948692434
97,-38.54801280685877,-3.6866414807803425
98,-38.59609183453393,-3.733770545334675
99,-38.53744157692583,-3.7395011590461187
