0,-38.563363487663736,-3.7320116532890375
1,-38.519313221278516,-3.7406105451829377
2,-38.5620776193812,-3.7361720974449555
3,-38.530378613670386,-3.7088743402065885
4,-38.496063042111956,-3.755239841261542
5,-38.49607787980963,-3.7132641682836045
6,-38.51284023225007,-3.742432027012501
7,-38.53031709976326,-3.662978365496906
8,-38.52691258490967,-3.7127822793857077
9,-38.53618196306569,-3.6717282734506616
10,-38.51080653483175,-3.6542923203265927
11,-38.527459199105266,-3.7322651981396806
12,-38.52148278177963,-3.7262036705506847
13,-38.53509572364657,-3.7187803256066716
14,-38.49751858702118,-3.6897628702368945
15,-38.560390963049244,-3.759171449775795
16,-38.49405247652002,-3.755020226654155
17,-38.5029689626301,-3.7580085690600464
18,-38.545967002105385,-3.7185437113506223
19,-38.560281756661446,-3.7032265838128233
20,-38.57892339504903,-3.7651903482104165
21,-38.56837515562383,-3.6636294406504257
22,-38.47347588195148,-3.7029715948722455
23,-38.509236131733815,-3.7471033090207393
24,-38.458422635175154,-3.7537683754046793
25,-38.51104491489787,-3.7521140751481927
26,-38.52822838912219,-3.695734440733498
27,-38.52369849714962,-3.695525998680696
28,-38.48512388096829,-3.716364947433282
29,-38.525269090268175,-3.6337009795955852
30,-38.47998485168088,-3.7641370227590865
31,-38.56668420081481,-3.726464248327683
32,-38.55727232243423,-3.744195612553115
33,-38.507652267993265,-3.7151883299479342
34,-38.48448584664861,-3.6866678743865906
35,-38.52080602096842,-3.694641519184103
36,-38.55704104989379,-3.637901068968853
37,-38.532516998287,-3.7249004383881563
38,-38.54047646351739,-3.6820300644822215
39,-38.531961724810685,-3.768626581147968
40,-38.548681468266814,-3.714685965402921
41,-38.533088877149865,-3.757321287935442
42,-38.56390490690605,-3.800247556736314
43,-38.5486133305214,-3.7198768823553783
44,-38.494818346473764,-3.7517710001972713
45,-38.498908980569304,-3.8071064212076013
46,-38.55891639171187,-3.6945609667191674
47,-38.528375007889935,-3.7275411523167032
48,-38.56709691466228,-3.690626194573706
49,-38.54242804688693,-3.729597181094517
50,-38.59286640017889,-3.728224406509057
51,-38.56518093765672,-3.7246862442208326
52,-38.52093251953231,-3.6938307035362
53,-38.55440040229398,-3.716116154885436
54,-38.506804714202744,-3.738812221659974
55,-38.50948523483928,-3.770514181302918
56,-38.516317048245426,-3.7449616657356257
57,-38.54399871126983,-3.741128669773369
58,-38.5333823969861,-3.6172279235647657
59,-38.52261840056905,-3.741432875343296
60,-38.546144251897644,-3.6800127066816066
61,-38.50332423350322,-3.7736972292779516
62,-38.54025414708396,-3.730639122976554
63,-38.50818747988145,-3.7192546735793592
64,-38.46429063193549,-3.689297224479375
65,-38.484984015871746,-3.7337102535705666
66,-38.475471571878884,-3.7503262001227404
67,-38.563941279237405,-3.742222928287587
68,-38.53862912321074,-3.7220877569383326
69,-38.475152721400605,-3.7371771901284543
70,-38.53497609978517,-3.7015558639665542
71,-38.58954703765265,-3.7561277416173375
72,-38.54327759573188,-3.7394576003872535
73,-38.576303208223536,-3.685423078695765
74,-38.56561711223446,-3.722410410256388
75,-38.5577258549364,-3.7064352566034713
76,-38.55571542618295,-3.7592573585718037
77,-38.540857838543396,-3.8176065999014632
78,-38.523069537502366,-3.7655080484604917
79,-38.550426837145274,-3.805558142820717
80,-38.5392006512122,-3.7270607208086766
81,-38.474175133246014,-3.683265037330368
82,-38.50214258129981,-3.6751689220639894
83,-38.54327136588803,-3.6976640015912365
84,-38.57537355136675,-3.73186035256162
85,-38.51377858647342,-3.775080169355485
86,-38.50933372593525,-3.737827773003992
87,-38.57519438930463,-3.7015784569597363
88,-38.53142593756449,-3.794918509049796
89,-38.5353493698041,-3.6588872314403327
90,-38.46413030849989,-3.7288716387288363
91,-38.5065892889896,-3.736630162680181
92,-38.53701790615758,-3.716096506830999
93,-38.450962128725486,-3.743554616960893
94,-38.4882350391191,-3.7506845472333783
95,-38.53704278938028,-3.6978695027599646
96,-38.503725750244236,-3.6919482591991857
97,-38.51878081943316,-3.7666327986211945
98,-38.526011072783824,-3.7025279028079434
99,-38.556526718751805,-3.691631838611899
100,-38.51038449550318,-3.696778269472284
101,-38.53760504184254,-3.706840595572999
102,-38.56471326830111,-3.7787405973877877
103,-38.5264979319289,-3.7670690437594136
104,-38.497287386163975,-3.784903627181601
105,-38.55143814112515,-3.6835723782701035
106,-38.48816285405551,-3.7354785655461082
107,-38.517548460664706,-3.7069252607051535
108,-38.46147101273173,-3.720581488614649
109,-38.515444569805446,-3.776384831377151
110,-38.500463203011094,-3.7303474244839183
111,-38.50654445803991,-3.770524061626535
112,-38.47427610764142,-3.7327427550453565
113,-38.58854762174351,-3.738968573149669
114,-38.51999181459112,-3.74183533762059
115,-38.53912696127356,-3.7382223282169678
116,-38.536311166001596,-3.79362545202168
117,-38.49048435419802,-3.7060441024534962
118,-38.54739002794999,-3.710300020078568
119,-38.53945811171712,-3.7958727241314194
120,-38.496300042630416,-3.759443518198008
121,-38.538970492357755,-3.7683292038280074
122,-38.54507320638623,-3.7573369535125765
123,-38.51776902584724,-3.71900846134617
124,-38.56333393187317,-3.668485213293831
125,-38.53794538638712,-3.7107095390201765
126,-38.51094761403743,-3.762790005995921
127,-38.564159829515106,-3.730705972275575
128,-38.58970431554327,-3.7216754766278446
129,-38.55311580662899,-3.7331825102628367
130,-38.55601157707225,-3.751477463767358
131,-38.53942008821642,-3.711566401041841
132,-38.49282874803335,-3.7220991560765806
133,-38.510963169950976,-3.7734843500942197
134,-38.52547881277617,-3.7556653976889063
135,-38.597343034895935,-3.6993372334393566
136,-38.50721317306692,-3.722535192415132
137,-38.5267921976018,-3.778594374152337
138,-38.454784226633215,-3.7173926541610203
139,-38.53729170498299,-3.684094689835501
140,-38.50544325288261,-3.6789971315277996
141,-38.55154203816943,-3.688210282979784
142,-38.51417965425128,-3.700368064623701
143,-38.528452791024506,-3.713233300298947
144,-38.513216227731746,-3.766077702103201
145,-38.55174635423827,-3.7481024658263244
146,-38.51705442191056,-3.7305770235249036
147,-38.54090549760957,-3.717271791572627
148,-38.596396598844336,-3.776883462195762
149,-38.51580986987005,-3.71842080236196
150,-38.528145058165926,-3.684693136206837
151,-38.4969711829715,-3.7696611039110817
152,-38.536588819478965,-3.7060231848672167
153,-38.48242010054722,-3.7010716276640965
154,-38.5358372798133,-3.7282503087105936
155,-38.51685014674243,-3.7727146630402495
156,-38.5090802586922,-3.784187310543452
157,-38.50507858681104,-3.7498763191824382
158,-38.52016097472907,-3.7413900222576157
159,-38.554960617803374,-3.7417696726973873
160,-38.51996863454343,-3.7287652254708816
161,-38.562990593456085,-3.7439182708469834
162,-38.56948439463385,-3.664529052041495
163,-38.54098211832718,-3.6981461186688485
164,-38.501874235620946,-3.840887434881634
165,-38.56035097722268,-3.803102333242433
166,-38.50324578347329,-3.76105224969079
167,-38.50652531902837,-3.729359632011667
168,-38.493158879745955,-3.758558854268818
169,-38.50629034891212,-3.7326023972825446
170,-38.5580880492194,-3.786550401014652
171,-38.54514017171736,-3.7700818599888652
172,-38.482490447924874,-3.728851950283201
173,-38.484662458150574,-3.71699645133038
174,-38.47664048987219,-3.726211912705579
175,-38.49220986234463,-3.8149487971496394
176,-38.526790624088605,-3.7218542609156025
177,-38.52516167770175,-3.7039590329198804
178,-38.553794438563365,-3.7784887598848322
179,-38.50855077113266,-3.6683886168754296
180,-38.47460325200311,-3.711142538297786
181,-38.52840200561252,-3.772905074324947
182,-38.55525478219667,-3.686322124789251
183,-38.47122210713648,-3.7944663192966135
184,-38.4917774152563,-3.725500368294499
185,-38.529837819226934,-3.71304013734195
186,-38.47376894542032,-3.7148137298009174
187,-38.555512593674784,-3.7324147214545005
188,-38.515026730129414,-3.71343292633718
189,-38.511949730940884,-3.7517494785108965
190,-38.477211327626925,-3.7423746631897385
191,-38.47917693448635,-3.701157015331913
192,-38.57911721155488,-3.7844861229663
193,-38.543914085535626,-3.7567008692416652
194,-38.51648361727461,-3.7112488827285337
195,-38.475978504200306,-3.734722520079468
196,-38.53905606465589,-3.6957482560389567
197,-38.5405419240628,-3.7451362992678985
198,-38.54885921162983,-3.7273381372636836
199,-38.53858777677889,-3.7261279599261785
