0,-38.51490025079701,-3.7859923739103833
1,-38.550022227261195,-3.6963013372752407
2,-38.51814178185548,-3.760882379942811
3,-38.50333166783319,-3.66315898230914
4,-38.550756122519836,-3.672122623172751
5,-38.49630630775815,-3.7038367697759065
6,-38.50578058954054,-3.736318800489315
7,-38.490791939734734,-3.7117539181466355
8,-38.555204444570705,-3.6998573891395017
9,-38.539505066401226,-3.744518831933958
10,-38.45990226254123,-3.683516900956063
11,-38.58466763682834,-3.6947247818665896
12,-38.559925311823584,-3.7133584692327988
13,-38.53816984246902,-3.7789704437800786
14,-38.54518291427833,-3.759363703049114
15,-38.523158008133024,-3.733879193235278
16,-38.46915596409695,-3.7480829711601387
17,-38.52785259127393,-3.7473875892082305
18,-38.58810518839664,-3.683412144544438
19,-38.51978208304094,-3.7296844695602234
20,-38.44148678447071,-3.6575781065143347
21,-38.46684901854947,-3.7126313456934104
22,-38.50296361348577,-3.7740536642600016
23,-38.45588464057713,-3.7955304607498728
24,-38.50139172690791,-3.715172395434397
25,-38.46124171997738,-3.7497745024263365
26,-38.483714549609715,-3.7087246837427976
27,-38.52104308503724,-3.715457803992293
28,-38.49106673912931,-3.729190992062783
29,-38.4480526631327,-3.724324080116785
30,-38.57822523997507,-3.7053413510037876
31,-38.49228085150746,-3.647412248445368
32,-38.49290749499982,-3.7629125105470087
33,-38.53353445285151,-3.6644492756370757
34,-38.49612546413722,-3.696451482150854
35,-38.49285927013481,-3.686015293712734
36,-38.53068207473468,-3.719957608647688
37,-38.53103750289875,-3.7340538769587615
38,-38.484450743007685,-3.7409649722411
39,-38.592996229922534,-3.7591959647483417
40,-38.55317048338836,-3.632102279984367
41,-38.551912267104946,-3.692258185138675
42,-38.49869042448649,-3.695735184407337
43,-38.53298491426688,-3.6769235672751623
44,-38.53381510059054,-3.7711722559567193
45,-38.5021100086315,-3.700801751132508
46,-38.52444371603016,-3.738180250196363
47,-38.56547290706657,-3.740222992599367
48,-38.51198026562146,-3.700603211662884
49,-38.51588115528158,-3.7038991271175146
50,-38.50445659286291,-3.727036207257645
51,-38.52478226420684,-3.706363608885454
52,-38.53207482590105,-3.687451459571587
53,-38.51304238005831,-3.7386523267512786
54,-38.56429682868864,-3.760027782018315
55,-38.56460484753106,-3.7281604251804796
56,-38.49757410654031,-3.7104332224235073
57,-38.45279248588213,-3.702297471071682
58,-38.49304189443868,-3.716888838867889
59,-38.48146864675217,-3.6981261592615504
60,-38.572909088393075,-3.6427360384020995
61,-38.49566808544182,-3.7048094318391134
62,-38.48902928825304,-3.656567658333902
63,-38.45702109688099,-3.6320463373672625
64,-38.54088755313041,-3.7158201772254507
65,-38.553737112956235,-3.7105617188526585
66,-38.52823616512666,-3.6584639674856083
67,-38.49318043216402,-3.7347424541545196
68,-38.524303042794585,-3.734983837439493
69,-38.56241994726818,-3.711726889199476
70,-38.563885214008785,-3.74456806941919
71,-38.45237165681365,-3.7098843712202694
72,-38.56108554273395,-3.761379629511161
73,-38.56233097810041,-3.7622061053822597
74,-38.5026517031692,-3.736535855731533
75,-38.49621523684935,-3.714578362961375
76,-38.515946056175025,-3.7616075146403656
77,-38.48742534005345,-3.6632266664080984
78,-38.54769394001198,-3.7463996987601305
79,-38.53995334155638,-3.713886701677054
80,-38.59441171594034,-3.776042831850431
81,-38.51319978765382,-3.752966452980941
82,-38.54341089058049,-3.7061445566956084
83,-38.49019330241316,-3.7097981793615573
84,-38.53496862507585,-3.6524594867594584
85,-38.504090853930606,-3.7509332635984256
86,-38.542012442213384,-3.69722656662862
87,-38.49727895924515,-3.7285144578033287
88,-38.55060498464773,-3.6911742125714717
89,-38.58721946092954,-3.746960014707053
90,-38.528967361100655,-3.7352083542759704
91,-38.579634040329566,-3.629636971065249
92,-38.4966991650065,-3.730291636371413
93,-38.53572980340622,-3.7957904563396725
94,-38.48637576362924,-3.6727508514151346
95,-38.5712863489401,-3.7358363260491716
96,-38.450232073004656,-3.734033438674884
97,-38.554866711836915,-3.7143755703602555
98,-38.56067090808893,-3.758240556018625
99,-38.59800761060761,-3.7939752709882613
