0,-38.54069628874791,-3.782651543509665
1,-38.4894410499157,-3.750387991340987
2,-38.55037464865558,-3.714724225968622
3,-38.53896184147149,-3.7102364857260604
4,-38.5044945638452,-3.709525151445985
5,-38.51711945455305,-3.7215146283546487
6,-38.504689754939285,-3.764795661048407
7,-38.49502032963908,-3.7313589195987524
8,-38.57825776892392,-3.7179146082388135
9,-38.51635030592515,-3.7775415514338224
10,-38.57004300698801,-3.748592472996916
11,-38.50655072916331,-3.7687070294138234
12,-38.53222525968477,-3.7526395482504444
13,-38.55262841414735,-3.6802819808463276
14,-38.562528169406086,-3.746934651173059
15,-38.52472145128697,-3.6999558458762127
16,-38.51627424305179,-3.7019148906753165
17,-38.569282058288515,-3.7447418310658063
18,-38.5255018108213,-3.7340240039826087
19,-38.52429715591174,-3.745331847839364
20,-38.51764178186635,-3.692618465408256
21,-38.55243239781604,-3.780400954670794
22,-38.52143521806805,-3.760919147656103
23,-38.52103628541062,-3.6978571497489723
24,-38.55805095528257,-3.7558327381464447
25,-38.509472056007546,-3.742478788045011
26,-38.510338777773725,-3.740220945139231
27,-38.51531793513693,-3.8095010531676925
28,-38.598161987032334,-3.7098555822983337
29,-38.582786234200654,-3.776950333065528
30,-38.54341818533942,-3.772761726629681
31,-38.54565960539154,-3.7084328184345914
32,-38.50170090466847,-3.7312869828726156
33,-38.44506028364868,-3.7408556469321113
34,-38.53561100283166,-3.7024693604615293
35,-38.50717129415314,-3.735638512596802
36,-38.51528630796014,-3.699134145889308
37,-38.55369460583037,-3.7572037618377427
38,-38.52680044425623,-3.708878493028684
39,-38.47300111305338,-3.735764404622043
40,-38.48286426464709,-3.727930942779727
41,-38.493978323160974,-3.745383321582352
42,-38.5443614379549,-3.749744580185984
43,-38.52839608764167,-3.6985783788506703
44,-38.50417622888027,-3.708148701581695
45,-38.51749296825477,-3.7004631479668166
46,-38.58666601528623,-3.7331733623658048
47,-38.50688916197674,-3.634904098124961
48,-38.54988569165425,-3.761357453657
49,-38.46259020816412,-3.6615992224958993
